spawns:
  default:
    world: 986c4fdf-cb30-4b62-89d8-2486d189088b
    x: -77.27918301186169
    y: 54.0
    z: -77.61118488040717
    yaw: 90.42619323730469
    pitch: 1.4179725646972656
    world-name: plotworld
  '*':
    world: 986c4fdf-cb30-4b62-89d8-2486d189088b
    world-name: plotworld
    x: -77.27918301186169
    y: 54.0
    z: -77.61118488040717
    yaw: 90.42619323730469
    pitch: 1.4179725646972656
