world: plotworld
x: -35.84329803091493
y: 51.0
z: -77.43935333737396
yaw: 269.33795
pitch: 5.9138846
name: Chess
lastowner: 5485821d-5975-41e6-b620-d7eed1702ea0
